21.801
21.866
21.900
21.905
21.915
21.916
21.917
21.918
22.804
22.819
22.820
22.821
22.823
22.825
22.826
22.827
22.829
22.831
22.832
22.833
22.834
22.835
22.836
22.837
22.840
22.841
22.842
22.843
22.844
22.847
22.848
22.851
22.854
22.855
22.856
22.858
22.859
22.864
22.865
22.866
22.867
22.869
22.870
22.872
22.873
22.874
22.875
22.876
22.877
22.878
22.881
22.882
22.883
22.886
22.889
22.890
22.903
22.904
22.906
22.908
22.912
22.916
22.926
22.936
22.940
22.942
22.944
22.948
22.949
22.950
22.951
22.952
22.953
22.967
22.968
22.969
22.973
22.977
22.978
22.979
22.980
22.982
22.983
22.987
22.988
22.989
22.990
23.700-01
23.700-03
23.700-05
23.700-06
23.700-07
23.700-08
23.700-09
23.700-10
23.700-11
23.700-12
23.700-13
23.700-16
23.700-17
23.700-18
23.700-20
23.700-21
23.700-22
23.700-23
23.700-24
23.700-25
23.700-27
23.700-28
23.700-29
23.700-31
23.700-32
23.700-33
23.700-34
23.700-35
23.700-36
23.700-38
23.700-40
23.700-41
23.700-45
23.700-46
23.700-47
23.700-48
23.700-49
23.700-53
23.700-54
23.700-55
23.700-58
23.700-59
23.700-60
23.700-61
23.700-62
23.700-63
23.700-64
23.700-66
23.700-68
23.700-70
23.700-71
23.700-72
23.700-74
23.700-75
23.700-76
23.700-77
23.700-78
23.700-79
23.700-80
23.700-81
23.700-82
23.700-84
23.700-85
23.700-86
23.700-87
23.700-88
23.700-89
23.700-90
23.700-91
23.700-92
23.700-93
23.700-94
23.700-95
23.700-96
23.700-97
23.700-98
23.700-99
23.715
23.716
23.722
23.723
23.724
23.725
23.726
23.727
23.728
23.729
23.731
23.732
23.733
23.734
23.735
23.736
23.737
23.738
23.739
23.740
23.742
23.743
23.744
23.745
23.747
23.748
23.751
23.752
23.753
23.754
23.755
23.756
23.757
23.758
23.759
23.760
23.761
23.762
23.763
23.764
23.774
23.775
23.776
23.778
23.781
23.782
23.783
23.784
23.786
23.787
23.791
23.792
23.793
23.794
23.796
23.798
23.903
23.919
23.946
23.948
23.958
23.973
23.975
23.976
23.979
23.981
24.811
24.812
24.821
24.883
24.885
24.890
24.930
24.969
24.980
25.912
26.802
26.803
26.804
26.805
26.806
26.812
26.813
26.818
26.819
26.822
26.830
26.841
26.843
26.847
26.850
26.854
26.857
26.858
26.861
26.862
26.865
26.866
26.881
26.891
26.902
26.903
26.904
26.905
26.906
26.907
26.909
26.910
26.914
26.917
26.918
26.919
26.921
26.922
26.923
26.924
26.925
26.926
26.927
26.928
26.929
26.930
26.931
26.932
26.933
26.935
26.936
26.937
26.938
26.939
26.941
26.943
26.944
26.946
26.947
26.948
26.949
26.950
26.952
26.953
26.954
26.955
26.956
26.957
26.959
26.962
26.966
26.973
26.975
26.976
26.978
26.980
26.981
26.985
26.989
26.997
26.998
26.999
28.800
28.801
28.802
28.803
28.804
28.805
28.806
28.807
28.808
28.809
28.810
28.811
28.812
28.813
28.814
28.815
28.816
28.817
28.818
28.819
28.822
28.823
28.824
28.825
28.826
28.827
28.828
28.829
28.830
28.831
28.832
28.834
28.835
28.836
28.837
28.838
28.839
28.840
28.841
28.842
28.843
28.844
28.845
28.846
28.849
28.851
28.853
28.858
28.861
28.863
28.864
28.865
28.866
28.867
28.869
28.870
28.871
28.872
28.873
28.874
28.875
28.876
28.877
28.878
28.880
28.890
28.900
28.901
28.902
28.903
28.907
28.908
28.909
28.910
28.912
28.913
28.914
28.915
28.925
29.808
29.820
29.821
29.827
29.829
29.831
29.843
29.857
29.866
29.889
29.890
29.891
29.892
29.893
29.909
29.935
29.941
29.949
29.994
30.531
31.801
31.822
31.826
31.890
31.900
31.970
32.845
32.846
32.847
32.848
32.856
32.857
32.864
32.865
32.866
32.867
32.868
32.869
32.870
32.871
32.880
32.899
32.901
32.972
33.700-22
33.700-28
33.700-29
33.700-32
33.700-41
33.701
33.702
33.713
33.721
33.737
33.738
33.739
33.740
33.741
33.743
33.745
33.749
33.754
33.757
33.759
33.766
33.776
33.784
33.790
33.794
33.807
33.808
33.809
33.811
33.813
33.814
33.815
33.818
33.819
33.824
33.825
33.834
33.835
33.836
33.839
33.840
33.841
33.842
33.843
33.845
33.846
33.847
33.848
33.850
33.851
33.852
33.853
33.854
33.855
33.856
33.857
33.858
33.861
33.862
33.864
33.866
33.867
33.870
33.873
33.874
33.875
33.876
33.877
33.880
33.881
33.882
33.883
33.884
33.886
33.887
33.890
33.891
33.892
33.893
33.894
33.896
33.898
33.899
33.905
33.916
33.919
33.924
33.926
33.927
33.928
33.929
33.929-1
33.929-2
33.929-3
33.929-4
33.929-5
33.929-7
33.929-8
33.929-9
33.935
33.936
33.937
33.969
33.980
33.995
34.926
35.909
35.919
35.924
35.934
35.935
35.936
35.937
36.276
36.714-05-01
36.715-00-00
36.715-00-01
36.715-00-02
36.715-02-01
36.715-02-02
36.715-03-01
36.715-03-03
36.715-04-01
36.715-04-04
36.715-05-01
36.716-01-01
36.716-02-01
36.716-02-02
36.716-03-01
36.716-03-02
36.716-04-01
36.717-02-01
36.717-02-02
36.717-03-01
36.717-03-02
36.717-04-01
36.718-02-01
36.719-01-01
36.742
36.743
36.746
36.748
36.751
36.753
36.754
36.755
36.756
36.757
36.758
36.759
36.760
36.761
36.762
36.763
36.764
36.766
36.767
36.770
36.776
36.777
36.779
36.783
36.787
36.788
36.790
36.791
36.792
36.903
36.904
36.905
36.912
36.913
36.921
36.922
36.927
36.931
36.932
36.933
36.934
36.942
36.976
37.716-00-00
37.716-11-11
37.716-21-11
37.716-21-21
37.716-31-11
37.716-33
37.716-41-11
37.716-41-22
37.716-51-11
37.717-00-00
37.717-11-11
37.717-11-21
37.717-11-31
37.717-11-41
37.717-21-11
37.717-21-22
37.717-31-11
37.717-33
37.717-41-11
37.717-51-11
37.718-00-00
37.718-11-11
37.718-11-21
37.718-21-11
37.719-11-10
37.719-11-11
37.719-21-11
37.815
37.816
37.817
37.823
37.824
37.825
37.826
37.827
37.828
37.829
37.843
37.862
37.863
37.863-01-01
37.863-02-01
37.863-03-01
37.863-04-01
37.863-05-01
37.864-11-22
37.864-41-21
37.865-01-01
37.866-00-02
37.867
37.872
37.873
37.875
37.876
37.877
37.878
37.880
37.885
37.887
37.890
37.898
37.900
37.901
37.901-5
37.902
37.910
37.911
37.941
37.976
37.977
37.985
38.716-01-01
38.716-02-00
38.716-03-01
38.716-03-02
38.716-04-01
38.717-01-01
38.717-02-01
38.717-03-01
38.717-03-02
38.717-04-01
38.717-04-02
38.717-05-01
38.718-00-02
38.718-01-01
38.718-02-01
38.718-03-01
38.719-00-00
38.719-01-01
38.719-02-01
38.719-03-01
38.741
38.743
38.744
38.746
38.749
38.750
38.751
38.753
38.755
38.761
38.762
38.769
38.771
38.774
38.785
38.786
38.787
38.792
38.793
38.794
38.795
38.796
38.799
38.806
38.807
38.808
38.809
38.810
38.811
38.812
38.813
38.814
38.815
38.816
38.817-01
38.817-02
38.818
38.819
38.820
38.821
38.822
38.823
38.824
38.825
38.826
38.827
38.828
38.829
38.830
38.831
38.832
38.833
38.834
38.835
38.836
38.837
38.838
38.839
38.840
38.841
38.842
38.843
38.844
38.845
38.846
38.847
38.848
38.849
38.850
38.851
38.852
38.853
38.854
38.855
38.856
38.857
38.858
38.859
38.860
38.861
38.862
38.863
38.864
38.865
38.866
38.867
38.868
38.869
38.870
38.871
38.872
38.873
38.874
38.875
38.876
38.877
38.878
38.879
38.880
38.881
38.882
38.883
38.884
38.885
38.886
38.887
38.888
38.889
38.890
38.891
38.892
38.893
38.894
38.895
38.896
38.897
38.898
38.899
38.900
38.901
38.903
38.905
38.908
38.912
38.913
38.918
38.921
38.922