Spec No
21.111
21.201
21.202
21.205
22.003
22.004
22.011
22.016
22.022
22.024
22.030
22.031
22.032
22.038
22.041
22.042
22.057
22.066
22.071
22.076
22.097
22.101
22.104
22.105
22.115
22.119
22.125
22.129
22.135
22.137
22.140
22.141
22.146
22.153
22.156
22.173
22.174
22.179
22.182
22.185
22.186
22.226
22.228
22.233
22.240
22.242
22.243
22.246
22.250
22.259
22.261
22.262
22.263
22.268
22.278
22.279
22.280
22.281
22.282
22.289
22.340
22.346
22.368
22.369
22.468
22.519
22.850
22.887
23.002
23.003
23.007
23.008
23.012
23.015
23.018
23.038
23.040
23.041
23.042
23.053
23.107
23.110
23.119
23.122
23.135
23.139
23.141
23.142
23.153
23.161
23.167
23.180
23.203
23.204
23.205
23.207
23.214
23.216
23.218
23.221
23.222
23.226
23.228
23.236
23.237
23.240
23.246
23.247
23.251
23.255
23.256
23.259
23.261
23.271
23.272
23.273
23.279
23.280
23.281
23.282
23.283
23.285
23.286
23.287
23.288
23.289
23.292
23.303
23.304
23.316
23.333
23.334
23.335
23.379
23.380
23.392
23.401
23.402
23.433
23.434
23.435
23.436
23.438
23.468
23.479
23.482
23.501
23.502
23.503
23.527
23.540
23.542
23.545
23.548
23.554
23.558
23.586
23.632
23.682
24.002
24.007
24.008
24.010
24.011
24.030
24.080
24.103
24.105
24.109
24.116
24.117
24.135
24.139
24.141
24.147
24.161
24.166
24.167
24.171
24.173
24.174
24.175
24.182
24.183
24.186
24.193
24.196
24.216
24.229
24.237
24.238
24.239
24.244
24.247
24.250
24.257
24.259
24.275
24.279
24.281
24.282
24.283
24.285
24.286
24.292
24.294
24.301
24.302
24.303
24.304
24.305
24.312
24.315
24.322
24.323
24.333
24.334
24.337
24.341
24.368
24.371
24.379
24.380
24.385
24.386
24.390
24.391
24.417
24.424
24.437
24.481
24.482
24.483
24.484
24.486
24.501
24.502
24.514
24.519
24.523
24.524
24.525
24.526
24.534
24.535
24.538
24.539
24.542
24.543
24.544
24.545
24.546
24.547
24.548
24.549
24.554
24.555
24.558
24.559
24.560
24.568
24.571
24.572
24.575
24.577
24.578
24.581
24.582
24.583
24.587
24.588
24.604
24.605
24.606
24.607
24.608
24.610
24.611
24.615
24.616
24.623
24.628
24.629
24.642
24.647
24.654
25.446
26.071
26.073
26.074
26.077
26.090
26.091
26.092
26.093
26.094
26.101
26.102
26.104
26.113
26.114
26.115
26.116
26.117
26.118
26.119
26.130
26.131
26.132
26.139
26.140
26.141
26.142
26.143
26.150
26.171
26.173
26.174
26.177
26.179
26.190
26.191
26.192
26.193
26.194
26.201
26.202
26.204
26.223
26.233
26.234
26.237
26.238
26.243
26.244
26.245
26.246
26.247
26.250
26.251
26.252
26.253
26.254
26.255
26.256
26.258
26.259
26.260
26.261
26.264
26.265
26.273
26.274
26.281
26.290
26.304
26.307
26.346
26.347
26.348
26.401
26.402
26.403
26.404
26.405
26.406
26.410
26.411
26.412
26.430
26.441
26.442
26.443
26.444
26.445
26.446
26.447
26.448
26.449
26.450
26.451
26.452
26.453
26.454
26.501
26.502
26.506
26.510
26.511
26.512
26.517
26.522
26.531
26.532
26.565
26.566
26.567
26.855
26.942
27.005
27.007
27.010
27.060
28.100
28.103
28.104
28.105
28.111
28.201
28.202
28.203
28.204
28.301
28.302
28.303
28.304
28.305
28.306
28.307
28.308
28.309
28.310
28.311
28.312
28.313
28.314
28.315
28.316
28.317
28.318
28.319
28.390
28.402
28.403
28.404
28.405
28.406
28.500
28.510
28.511
28.512
28.513
28.515
28.516
28.517
28.518
28.520
28.521
28.522
28.523
28.525
28.526
28.527
28.528
28.530
28.531
28.532
28.533
28.535
28.536
28.537
28.538
28.540
28.541
28.542
28.543
28.544
28.545
28.546
28.550
28.551
28.552
28.553
28.554
28.555
28.556
28.557
28.558
28.572
28.611
28.612
28.616
28.620
28.621
28.622
28.623
28.624
28.625
28.626
28.627
28.628
28.629
28.631
28.632
28.633
28.652
28.653
28.654
28.655
28.656
28.657
28.658
28.659
28.661
28.662
28.663
28.667
28.668
28.669
28.671
28.672
28.673
28.674
28.675
28.676
28.680
28.681
28.682
28.683
28.701
28.702
28.703
28.704
28.705
28.706
28.707
28.708
28.709
28.731
28.732
28.733
28.734
28.735
28.736
28.751
28.752
28.753
29.002
29.010
29.011
29.061
29.079
29.108
29.109
29.116
29.118
29.119
29.120
29.122
29.128
29.139
29.153
29.154
29.155
29.162
29.163
29.165
29.168
29.171
29.172
29.173
29.175
29.176
29.201
29.212
29.213
29.214
29.215
29.217
29.219
29.222
29.228
29.229
29.230
29.232
29.235
29.238
29.240
29.244
29.250
29.251
29.255
29.256
29.257
29.272
29.273
29.274
29.275
29.276
29.277
29.279
29.280
29.281
29.282
29.283
29.292
29.303
29.305
29.309
29.311
29.328
29.329
29.330
29.334
29.335
29.336
29.337
29.338
29.343
29.344
29.345
29.364
29.368
29.379
29.380
29.388
29.389
29.405
29.413
29.435
29.468
29.486
29.500
29.501
29.502
29.503
29.504
29.505
29.507
29.508
29.509
29.510
29.511
29.512
29.513
29.514
29.515
29.516
29.517
29.518
29.519
29.520
29.521
29.522
29.523
29.524
29.525
29.526
29.531
29.532
29.534
29.535
29.536
29.537
29.538
29.540
29.541
29.542
29.543
29.544
29.548
29.549
29.550
29.551
29.552
29.553
29.554
29.555
29.556
29.557
29.558
29.559
29.561
29.562
29.563
29.564
29.565
29.571
29.572
29.573
29.574
29.575
29.576
29.577
29.578
29.579
29.580
29.581
29.582
29.583
29.585
29.586
29.591
29.594
29.598
29.641
29.658
29.673
29.674
29.675
31.101
31.102
31.103
31.104
31.105
31.111
31.115
31.116
31.117
31.120
31.121
31.122
31.124
31.127
31.130
31.131
31.133
31.213
31.220
31.221
31.222
32.101
32.102
32.103
32.107
32.111-1
32.111-2
32.111-6
32.121
32.122
32.126
32.130
32.140
32.141
32.150
32.153
32.154
32.155
32.156
32.157
32.158
32.159
32.160
32.161
32.181
32.182
32.240
32.250
32.251
32.253
32.254
32.255
32.256
32.257
32.260
32.270
32.271
32.272
32.273
32.274
32.275
32.276
32.277
32.278
32.279
32.280
32.281
32.282
32.290
32.291
32.293
32.295
32.296
32.297
32.298
32.299
32.300
32.301
32.302
32.306
32.311
32.312
32.316
32.321
32.322
32.326
32.331
32.332
32.336
32.341
32.342
32.346
32.351
32.352
32.356
32.361
32.362
32.366
32.371
32.372
32.376
32.381
32.382
32.386
32.391
32.392
32.396
32.401
32.404
32.406
32.407
32.408
32.409
32.411
32.412
32.416
32.421
32.422
32.423
32.425
32.426
32.432
32.435
32.436
32.441
32.442
32.446
32.450
32.451
32.452
32.453
32.454
32.455
32.500
32.501
32.502
32.506
32.508
32.509
32.511
32.531
32.532
32.536
32.541
32.551
32.571
32.572
32.581
32.582
32.583
32.591
32.592
32.593
32.594
32.600
32.601
32.602
32.606
32.611
32.612
32.616
32.661
32.662
32.666
32.690
33.102
33.105
33.106
33.107
33.108
33.110
33.116
33.117
33.122
33.126
33.127
33.128
33.141
33.163
33.180
33.185
33.187
33.203
33.204
33.210
33.216
33.220
33.221
33.222
33.223
33.224
33.226
33.234
33.246
33.250
33.256
33.259
33.303
33.310
33.320
33.326
33.328
33.401
33.402
33.434
33.501
33.503
33.511
33.512
33.513
33.514
33.515
33.516
33.517
33.518
33.519
33.520
33.521
33.522
33.523
33.526
33.527
33.528
33.529
33.530
33.533
33.535
33.536
33.537
33.558
33.742
33.929-6
34.108
34.131
34.229-1
34.229-2
34.229-3
34.229-5
35.201
35.202
35.203
35.204
35.205
35.206
35.207
35.208
35.215
35.216
35.217
35.218
35.221
35.222
35.223
35.231
35.232
35.233
35.234
35.235
35.236
35.237
35.240
35.241
35.242
35.243
35.244
35.245
35.246
35.247
35.248
36.101
36.102
36.104
36.106
36.108
36.111
36.112
36.113
36.116
36.117
36.124
36.133
36.141
36.143
36.171
36.176
36.181
36.201
36.211
36.212
36.213
36.214
36.216
36.300
36.302
36.304
36.305
36.306
36.307
36.314
36.321
36.322
36.323
36.331
36.355
36.360
36.361
36.401
36.410
36.411
36.412
36.413
36.414
36.420
36.421
36.422
36.423
36.424
36.425
36.440
36.441
36.442
36.443
36.444
36.445
36.455
36.456
36.457
36.458
36.459
36.461
36.462
36.463
36.464
36.465
36.508
36.509
36.521-1
36.521-2
36.521-3
36.521-4
36.523-1
36.523-2
36.523-3
36.579-1
36.579-2
36.579-3
36.579-4
36.579-5
36.579-6
36.579-7
36.579-8
36.579-9
37.104
37.105
37.106
37.107
37.113
37.114
37.141
37.144
37.145-1
37.145-2
37.171
37.213
37.320
37.324
37.340
37.355
37.460
37.461
37.462
37.466
37.470
37.471
37.472
37.473
37.480
37.481
37.482
37.483
37.544
37.571-1
37.571-2
37.571-3
37.571-4
37.571-5
37.579-1
37.579-2
37.579-4
37.579-5
37.579-6
37.579-7
38.101
38.101-1
38.101-2
38.101-3
38.101-4
38.101-5
38.104
38.106
38.108
38.113
38.114
38.115-1
38.115-2
38.124
38.133
38.141
38.141-1
38.141-2
38.151
38.161
38.171
38.173
38.174
38.175
38.176-1
38.176-2
38.181
38.201
38.202
38.211
38.212
38.213
38.214
38.215
38.300
38.304
38.305
38.306
38.307
38.314
38.321
38.322
38.323
38.331
38.340
38.351
38.355
38.401
38.410
38.411
38.412
38.413
38.414
38.415
38.420
38.421
38.422
38.423
38.424
38.425
38.455
38.460
38.461
38.462
38.463
38.470
38.471
38.472
38.473
38.474
38.475
38.508-1
38.508-2
38.509
38.521-1
38.521-2
38.521-3
38.521-4
38.521-5
38.522
38.523-1
38.523-2
38.523-3
38.533
38.551
38.561